{
 "cells": [
  {
   "cell_type": "code",
   "execution_count": 1,
   "metadata": {},
   "outputs": [
    {
     "name": "stderr",
     "output_type": "stream",
     "text": [
      "C:\\Users\\Max-PC\\AppData\\Local\\Packages\\PythonSoftwareFoundation.Python.3.9_qbz5n2kfra8p0\\LocalCache\\local-packages\\Python39\\site-packages\\llvmlite\\llvmpy\\__init__.py:3: UserWarning: The module `llvmlite.llvmpy` is deprecated and will be removed in the future.\n",
      "  warnings.warn(\n",
      "C:\\Users\\Max-PC\\AppData\\Local\\Packages\\PythonSoftwareFoundation.Python.3.9_qbz5n2kfra8p0\\LocalCache\\local-packages\\Python39\\site-packages\\llvmlite\\llvmpy\\core.py:8: UserWarning: The module `llvmlite.llvmpy.core` is deprecated and will be removed in the future. Equivalent functionality is provided by `llvmlite.ir`.\n",
      "  warnings.warn(\n",
      "C:\\Users\\Max-PC\\AppData\\Local\\Packages\\PythonSoftwareFoundation.Python.3.9_qbz5n2kfra8p0\\LocalCache\\local-packages\\Python39\\site-packages\\llvmlite\\llvmpy\\passes.py:17: UserWarning: The module `llvmlite.llvmpy.passes` is deprecated and will be removed in the future. If you are using this code, it should be inlined into your own project.\n",
      "  warnings.warn(\n"
     ]
    }
   ],
   "source": [
    "import numpy as np\n",
    "from matplotlib import pyplot as plt\n",
    "from matplotlib import rcParams\n",
    "import time\n",
    "import diffusionstuff7 as ds\n",
    "from copy import copy as dup\n",
    "from scipy.integrate import odeint\n",
    "from scipy.integrate import solve_ivp\n",
    "from numba import int64\n",
    "\n",
    "#for 3d plots\n",
    "from mpl_toolkits.axes_grid1.axes_divider import make_axes_locatable\n",
    "from mpl_toolkits.mplot3d import Axes3D\n",
    "#for 3d plots\n",
    "import matplotlib.animation as animation\n",
    "\n",
    "#for saving simulations\n",
    "import pickle"
   ]
  },
  {
   "cell_type": "code",
   "execution_count": 2,
   "metadata": {},
   "outputs": [],
   "source": [
    "# Graphics parameters\n",
    "%matplotlib widget\n",
    "ticklabelsize = 15\n",
    "fontsize = 15\n",
    "linewidth = 2\n",
    "fignum = 0"
   ]
  },
  {
   "cell_type": "code",
   "execution_count": 11,
   "metadata": {},
   "outputs": [
    {
     "name": "stdout",
     "output_type": "stream",
     "text": [
      "0 0 0.06233027925721957 0.06233027925721957\n",
      "6 1 2.021958237382603 1.9596279581253835\n",
      "12 2 3.9046300766136595 1.8826718392310564\n",
      "18 3 5.5917343737413825 1.687104297127723\n",
      "24 4 7.238786587348126 1.6470522136067434\n",
      "30 5 9.046493362680936 1.80770677533281\n",
      "36 6 11.00447233488791 1.9579789722069734\n",
      "42 7 12.904870402755318 1.9003980678674086\n",
      "48 8 14.608463123400915 1.703592720645597\n",
      "54 9 16.251485083125708 1.643021959724793\n",
      "60 10 18.04395819648434 1.792473113358632\n",
      "66 11 19.997020912436415 1.9530627159520755\n",
      "73 12 22.01488659058254 2.0178656781461264\n",
      "79 13 23.869401125537024 1.8545145349544825\n",
      "85 14 25.535531214665006 1.6661300891279822\n",
      "91 15 27.196912531728366 1.6613813170633591\n",
      "97 16 29.033559256734023 1.8366467250056573\n",
      "103 17 30.998365359441856 1.9648061027078327\n",
      "109 18 32.87246845864121 1.8741030991993526\n",
      "115 19 34.55284591072328 1.6803774520820696\n",
      "breaking because reached max number of layers grown\n"
     ]
    },
    {
     "data": {
      "text/plain": [
       "{None: None,\n",
       " 'y': [array([[[1., 1., 1., ..., 1., 1., 1.],\n",
       "          [1., 1., 1., ..., 1., 1., 1.],\n",
       "          [1., 1., 1., ..., 1., 1., 1.],\n",
       "          ...,\n",
       "          [1., 1., 1., ..., 1., 1., 1.],\n",
       "          [1., 1., 1., ..., 1., 1., 1.],\n",
       "          [1., 1., 1., ..., 1., 1., 1.]],\n",
       "  \n",
       "         [[2., 2., 2., ..., 2., 2., 2.],\n",
       "          [2., 2., 2., ..., 2., 2., 2.],\n",
       "          [2., 2., 2., ..., 2., 2., 2.],\n",
       "          ...,\n",
       "          [2., 2., 2., ..., 2., 2., 2.],\n",
       "          [2., 2., 2., ..., 2., 2., 2.],\n",
       "          [2., 2., 2., ..., 2., 2., 2.]]]),\n",
       "  array([[[1.11749417, 1.11693794, 1.11637477, ..., 1.11637477,\n",
       "           1.11693794, 1.11749417],\n",
       "          [1.11693794, 1.1163763 , 1.11580771, ..., 1.11580771,\n",
       "           1.1163763 , 1.11693794],\n",
       "          [1.11637477, 1.11580771, 1.1152337 , ..., 1.1152337 ,\n",
       "           1.11580771, 1.11637477],\n",
       "          ...,\n",
       "          [1.11637477, 1.11580771, 1.1152337 , ..., 1.1152337 ,\n",
       "           1.11580771, 1.11637477],\n",
       "          [1.11693794, 1.1163763 , 1.11580771, ..., 1.11580771,\n",
       "           1.1163763 , 1.11693794],\n",
       "          [1.11749417, 1.11693794, 1.11637477, ..., 1.11637477,\n",
       "           1.11693794, 1.11749417]],\n",
       "  \n",
       "         [[2.15308676, 2.15201146, 2.1509331 , ..., 2.1509331 ,\n",
       "           2.15201146, 2.15308676],\n",
       "          [2.15201146, 2.15093602, 2.14985749, ..., 2.14985749,\n",
       "           2.15093602, 2.15201146],\n",
       "          [2.1509331 , 2.14985749, 2.14877876, ..., 2.14877876,\n",
       "           2.14985749, 2.1509331 ],\n",
       "          ...,\n",
       "          [2.1509331 , 2.14985749, 2.14877876, ..., 2.14877876,\n",
       "           2.14985749, 2.1509331 ],\n",
       "          [2.15201146, 2.15093602, 2.14985749, ..., 2.14985749,\n",
       "           2.15093602, 2.15201146],\n",
       "          [2.15308676, 2.15201146, 2.1509331 , ..., 2.1509331 ,\n",
       "           2.15201146, 2.15308676]]]),\n",
       "  array([[[1.13795416, 1.13846241, 1.13894514, ..., 1.13894514,\n",
       "           1.13846241, 1.13795416],\n",
       "          [1.13846241, 1.13894481, 1.13940173, ..., 1.13940173,\n",
       "           1.13894481, 1.13846241],\n",
       "          [1.13894514, 1.13940173, 1.13983289, ..., 1.13983289,\n",
       "           1.13940173, 1.13894514],\n",
       "          ...,\n",
       "          [1.13894514, 1.13940173, 1.13983289, ..., 1.13983289,\n",
       "           1.13940173, 1.13894514],\n",
       "          [1.13846241, 1.13894481, 1.13940173, ..., 1.13940173,\n",
       "           1.13894481, 1.13846241],\n",
       "          [1.13795416, 1.13846241, 1.13894514, ..., 1.13894514,\n",
       "           1.13846241, 1.13795416]],\n",
       "  \n",
       "         [[2.29336933, 2.291219  , 2.28906984, ..., 2.28906984,\n",
       "           2.291219  , 2.29336933],\n",
       "          [2.291219  , 2.28907135, 2.28692454, ..., 2.28692454,\n",
       "           2.28907135, 2.291219  ],\n",
       "          [2.28906984, 2.28692454, 2.28477974, ..., 2.28477974,\n",
       "           2.28692454, 2.28906984],\n",
       "          ...,\n",
       "          [2.28906984, 2.28692454, 2.28477974, ..., 2.28477974,\n",
       "           2.28692454, 2.28906984],\n",
       "          [2.291219  , 2.28907135, 2.28692454, ..., 2.28692454,\n",
       "           2.28907135, 2.291219  ],\n",
       "          [2.29336933, 2.291219  , 2.28906984, ..., 2.28906984,\n",
       "           2.291219  , 2.29336933]]]),\n",
       "  array([[[1.05313276, 1.05613522, 1.05907078, ..., 1.05907078,\n",
       "           1.05613522, 1.05313276],\n",
       "          [1.05613522, 1.05909814, 1.06199408, ..., 1.06199408,\n",
       "           1.05909814, 1.05613522],\n",
       "          [1.05907078, 1.06199408, 1.06485038, ..., 1.06485038,\n",
       "           1.06199408, 1.05907078],\n",
       "          ...,\n",
       "          [1.05907078, 1.06199408, 1.06485038, ..., 1.06485038,\n",
       "           1.06199408, 1.05907078],\n",
       "          [1.05613522, 1.05909814, 1.06199408, ..., 1.06199408,\n",
       "           1.05909814, 1.05613522],\n",
       "          [1.05313276, 1.05613522, 1.05907078, ..., 1.05907078,\n",
       "           1.05613522, 1.05313276]],\n",
       "  \n",
       "         [[2.43951835, 2.43590934, 2.43234673, ..., 2.43234673,\n",
       "           2.43590934, 2.43951835],\n",
       "          [2.43590934, 2.43231337, 2.42876276, ..., 2.42876276,\n",
       "           2.43231337, 2.43590934],\n",
       "          [2.43234673, 2.42876276, 2.4252231 , ..., 2.4252231 ,\n",
       "           2.42876276, 2.43234673],\n",
       "          ...,\n",
       "          [2.43234673, 2.42876276, 2.4252231 , ..., 2.4252231 ,\n",
       "           2.42876276, 2.43234673],\n",
       "          [2.43590934, 2.43231337, 2.42876276, ..., 2.42876276,\n",
       "           2.43231337, 2.43590934],\n",
       "          [2.43951835, 2.43590934, 2.43234673, ..., 2.43234673,\n",
       "           2.43590934, 2.43951835]]]),\n",
       "  array([[[0.90931298, 0.91332704, 0.91735339, ..., 0.91735339,\n",
       "           0.91332704, 0.90931298],\n",
       "          [0.91332704, 0.91743643, 0.92154981, ..., 0.92154981,\n",
       "           0.91743643, 0.91332704],\n",
       "          [0.91735339, 0.92154981, 0.92574234, ..., 0.92574234,\n",
       "           0.92154981, 0.91735339],\n",
       "          ...,\n",
       "          [0.91735339, 0.92154981, 0.92574234, ..., 0.92574234,\n",
       "           0.92154981, 0.91735339],\n",
       "          [0.91332704, 0.91743643, 0.92154981, ..., 0.92154981,\n",
       "           0.91743643, 0.91332704],\n",
       "          [0.90931298, 0.91332704, 0.91735339, ..., 0.91735339,\n",
       "           0.91332704, 0.90931298]],\n",
       "  \n",
       "         [[2.60911196, 2.60343172, 2.5978849 , ..., 2.5978849 ,\n",
       "           2.60343172, 2.60911196],\n",
       "          [2.60343172, 2.59777196, 2.59224551, ..., 2.59224551,\n",
       "           2.59777196, 2.60343172],\n",
       "          [2.5978849 , 2.59224551, 2.5867391 , ..., 2.5867391 ,\n",
       "           2.59224551, 2.5978849 ],\n",
       "          ...,\n",
       "          [2.5978849 , 2.59224551, 2.5867391 , ..., 2.5867391 ,\n",
       "           2.59224551, 2.5978849 ],\n",
       "          [2.60343172, 2.59777196, 2.59224551, ..., 2.59224551,\n",
       "           2.59777196, 2.60343172],\n",
       "          [2.60911196, 2.60343172, 2.5978849 , ..., 2.5978849 ,\n",
       "           2.60343172, 2.60911196]]]),\n",
       "  array([[[0.86452366, 0.86252175, 0.86083748, ..., 0.86083748,\n",
       "           0.86252175, 0.86452366],\n",
       "          [0.86252175, 0.86080526, 0.85940917, ..., 0.85940917,\n",
       "           0.86080526, 0.86252175],\n",
       "          [0.86083748, 0.85940917, 0.85830241, ..., 0.85830241,\n",
       "           0.85940917, 0.86083748],\n",
       "          ...,\n",
       "          [0.86083748, 0.85940917, 0.85830241, ..., 0.85830241,\n",
       "           0.85940917, 0.86083748],\n",
       "          [0.86252175, 0.86080526, 0.85940917, ..., 0.85940917,\n",
       "           0.86080526, 0.86252175],\n",
       "          [0.86452366, 0.86252175, 0.86083748, ..., 0.86083748,\n",
       "           0.86252175, 0.86452366]],\n",
       "  \n",
       "         [[2.80263841, 2.79529253, 2.78806327, ..., 2.78806327,\n",
       "           2.79529253, 2.80263841],\n",
       "          [2.79529253, 2.78791183, 2.78065387, ..., 2.78065387,\n",
       "           2.78791183, 2.79529253],\n",
       "          [2.78806327, 2.78065387, 2.77337308, ..., 2.77337308,\n",
       "           2.78065387, 2.78806327],\n",
       "          ...,\n",
       "          [2.78806327, 2.78065387, 2.77337308, ..., 2.77337308,\n",
       "           2.78065387, 2.78806327],\n",
       "          [2.79529253, 2.78791183, 2.78065387, ..., 2.78065387,\n",
       "           2.78791183, 2.79529253],\n",
       "          [2.80263841, 2.79529253, 2.78806327, ..., 2.78806327,\n",
       "           2.79529253, 2.80263841]]]),\n",
       "  array([[[0.98684426, 0.980212  , 0.97359966, ..., 0.97359966,\n",
       "           0.980212  , 0.98684426],\n",
       "          [0.980212  , 0.97355619, 0.96694046, ..., 0.96694046,\n",
       "           0.97355619, 0.980212  ],\n",
       "          [0.97359966, 0.96694046, 0.9603423 , ..., 0.9603423 ,\n",
       "           0.96694046, 0.97359966],\n",
       "          ...,\n",
       "          [0.97359966, 0.96694046, 0.9603423 , ..., 0.9603423 ,\n",
       "           0.96694046, 0.97359966],\n",
       "          [0.980212  , 0.97355619, 0.96694046, ..., 0.96694046,\n",
       "           0.97355619, 0.980212  ],\n",
       "          [0.98684426, 0.980212  , 0.97359966, ..., 0.97359966,\n",
       "           0.980212  , 0.98684426]],\n",
       "  \n",
       "         [[2.98536188, 2.97794279, 2.97049763, ..., 2.97049763,\n",
       "           2.97794279, 2.98536188],\n",
       "          [2.97794279, 2.97044848, 2.96293299, ..., 2.96293299,\n",
       "           2.97044848, 2.97794279],\n",
       "          [2.97049763, 2.96293299, 2.9553526 , ..., 2.9553526 ,\n",
       "           2.96293299, 2.97049763],\n",
       "          ...,\n",
       "          [2.97049763, 2.96293299, 2.9553526 , ..., 2.9553526 ,\n",
       "           2.96293299, 2.97049763],\n",
       "          [2.97794279, 2.97044848, 2.96293299, ..., 2.96293299,\n",
       "           2.97044848, 2.97794279],\n",
       "          [2.98536188, 2.97794279, 2.97049763, ..., 2.97049763,\n",
       "           2.97794279, 2.98536188]]]),\n",
       "  array([[[1.11050118, 1.10616851, 1.1015434 , ..., 1.1015434 ,\n",
       "           1.10616851, 1.11050118],\n",
       "          [1.10616851, 1.10158327, 1.09670945, ..., 1.09670945,\n",
       "           1.10158327, 1.10616851],\n",
       "          [1.1015434 , 1.09670945, 1.09159211, ..., 1.09159211,\n",
       "           1.09670945, 1.1015434 ],\n",
       "          ...,\n",
       "          [1.1015434 , 1.09670945, 1.09159211, ..., 1.09159211,\n",
       "           1.09670945, 1.1015434 ],\n",
       "          [1.10616851, 1.10158327, 1.09670945, ..., 1.09670945,\n",
       "           1.10158327, 1.10616851],\n",
       "          [1.11050118, 1.10616851, 1.1015434 , ..., 1.1015434 ,\n",
       "           1.10616851, 1.11050118]],\n",
       "  \n",
       "         [[3.14023254, 3.13287056, 3.12540563, ..., 3.12540563,\n",
       "           3.13287056, 3.14023254],\n",
       "          [3.13287056, 3.12546846, 3.11796256, ..., 3.11796256,\n",
       "           3.12546846, 3.13287056],\n",
       "          [3.12540563, 3.11796256, 3.11041553, ..., 3.11041553,\n",
       "           3.11796256, 3.12540563],\n",
       "          ...,\n",
       "          [3.12540563, 3.11796256, 3.11041553, ..., 3.11041553,\n",
       "           3.11796256, 3.12540563],\n",
       "          [3.13287056, 3.12546846, 3.11796256, ..., 3.11796256,\n",
       "           3.12546846, 3.13287056],\n",
       "          [3.14023254, 3.13287056, 3.12540563, ..., 3.12540563,\n",
       "           3.13287056, 3.14023254]]]),\n",
       "  array([[[1.14055758, 1.14178593, 1.14264764, ..., 1.14264764,\n",
       "           1.14178593, 1.14055758],\n",
       "          [1.14178593, 1.14264018, 1.14312505, ..., 1.14312505,\n",
       "           1.14264018, 1.14178593],\n",
       "          [1.14264764, 1.14312505, 1.14322999, ..., 1.14322999,\n",
       "           1.14312505, 1.14264764],\n",
       "          ...,\n",
       "          [1.14264764, 1.14312505, 1.14322999, ..., 1.14322999,\n",
       "           1.14312505, 1.14264764],\n",
       "          [1.14178593, 1.14264018, 1.14312505, ..., 1.14312505,\n",
       "           1.14264018, 1.14178593],\n",
       "          [1.14055758, 1.14178593, 1.14264764, ..., 1.14264764,\n",
       "           1.14178593, 1.14055758]],\n",
       "  \n",
       "         [[3.28084628, 3.27269251, 3.26447258, ..., 3.26447258,\n",
       "           3.27269251, 3.28084628],\n",
       "          [3.27269251, 3.26456346, 3.25636139, ..., 3.25636139,\n",
       "           3.26456346, 3.27269251],\n",
       "          [3.26447258, 3.25636139, 3.2481708 , ..., 3.2481708 ,\n",
       "           3.25636139, 3.26447258],\n",
       "          ...,\n",
       "          [3.26447258, 3.25636139, 3.2481708 , ..., 3.2481708 ,\n",
       "           3.25636139, 3.26447258],\n",
       "          [3.27269251, 3.26456346, 3.25636139, ..., 3.25636139,\n",
       "           3.26456346, 3.27269251],\n",
       "          [3.28084628, 3.27269251, 3.26447258, ..., 3.26447258,\n",
       "           3.27269251, 3.28084628]]]),\n",
       "  array([[[1.06436672, 1.07242078, 1.08010317, ..., 1.08010317,\n",
       "           1.07242078, 1.06436672],\n",
       "          [1.07242078, 1.0800905 , 1.0873778 , ..., 1.0873778 ,\n",
       "           1.0800905 , 1.07242078],\n",
       "          [1.08010317, 1.0873778 , 1.09426039, ..., 1.09426039,\n",
       "           1.0873778 , 1.08010317],\n",
       "          ...,\n",
       "          [1.08010317, 1.0873778 , 1.09426039, ..., 1.09426039,\n",
       "           1.0873778 , 1.08010317],\n",
       "          [1.07242078, 1.0800905 , 1.0873778 , ..., 1.0873778 ,\n",
       "           1.0800905 , 1.07242078],\n",
       "          [1.06436672, 1.07242078, 1.08010317, ..., 1.08010317,\n",
       "           1.07242078, 1.06436672]],\n",
       "  \n",
       "         [[3.42582523, 3.41563698, 3.40554927, ..., 3.40554927,\n",
       "           3.41563698, 3.42582523],\n",
       "          [3.41563698, 3.40556625, 3.39558228, ..., 3.39558228,\n",
       "           3.40556625, 3.41563698],\n",
       "          [3.40554927, 3.39558228, 3.3856883 , ..., 3.3856883 ,\n",
       "           3.39558228, 3.40554927],\n",
       "          ...,\n",
       "          [3.40554927, 3.39558228, 3.3856883 , ..., 3.3856883 ,\n",
       "           3.39558228, 3.40554927],\n",
       "          [3.41563698, 3.40556625, 3.39558228, ..., 3.39558228,\n",
       "           3.40556625, 3.41563698],\n",
       "          [3.42582523, 3.41563698, 3.40554927, ..., 3.40554927,\n",
       "           3.41563698, 3.42582523]]]),\n",
       "  array([[[0.92094631, 0.93141816, 0.94211172, ..., 0.94211172,\n",
       "           0.93141816, 0.92094631],\n",
       "          [0.93141816, 0.94224188, 0.95319334, ..., 0.95319334,\n",
       "           0.94224188, 0.93141816],\n",
       "          [0.94211172, 0.95319334, 0.96431752, ..., 0.96431752,\n",
       "           0.95319334, 0.94211172],\n",
       "          ...,\n",
       "          [0.94211172, 0.95319334, 0.96431752, ..., 0.96431752,\n",
       "           0.95319334, 0.94211172],\n",
       "          [0.93141816, 0.94224188, 0.95319334, ..., 0.95319334,\n",
       "           0.94224188, 0.93141816],\n",
       "          [0.92094631, 0.93141816, 0.94211172, ..., 0.94211172,\n",
       "           0.93141816, 0.92094631]],\n",
       "  \n",
       "         [[3.59304828, 3.57946252, 3.56621395, ..., 3.56621395,\n",
       "           3.57946252, 3.59304828],\n",
       "          [3.57946252, 3.56605588, 3.55298049, ..., 3.55298049,\n",
       "           3.56605588, 3.57946252],\n",
       "          [3.56621395, 3.55298049, 3.54006915, ..., 3.54006915,\n",
       "           3.55298049, 3.56621395],\n",
       "          ...,\n",
       "          [3.56621395, 3.55298049, 3.54006915, ..., 3.54006915,\n",
       "           3.55298049, 3.56621395],\n",
       "          [3.57946252, 3.56605588, 3.55298049, ..., 3.55298049,\n",
       "           3.56605588, 3.57946252],\n",
       "          [3.59304828, 3.57946252, 3.56621395, ..., 3.56621395,\n",
       "           3.57946252, 3.59304828]]]),\n",
       "  array([[[0.86033434, 0.85783655, 0.85679746, ..., 0.85679746,\n",
       "           0.85783655, 0.86033434],\n",
       "          [0.85783655, 0.85679204, 0.8572097 , ..., 0.8572097 ,\n",
       "           0.85679204, 0.85783655],\n",
       "          [0.85679746, 0.8572097 , 0.85905962, ..., 0.85905962,\n",
       "           0.8572097 , 0.85679746],\n",
       "          ...,\n",
       "          [0.85679746, 0.8572097 , 0.85905962, ..., 0.85905962,\n",
       "           0.8572097 , 0.85679746],\n",
       "          [0.85783655, 0.85679204, 0.8572097 , ..., 0.8572097 ,\n",
       "           0.85679204, 0.85783655],\n",
       "          [0.86033434, 0.85783655, 0.85679746, ..., 0.85679746,\n",
       "           0.85783655, 0.86033434]],\n",
       "  \n",
       "         [[3.7856267 , 3.76952013, 3.75361314, ..., 3.75361314,\n",
       "           3.76952013, 3.7856267 ],\n",
       "          [3.76952013, 3.75333731, 3.73739296, ..., 3.73739296,\n",
       "           3.75333731, 3.76952013],\n",
       "          [3.75361314, 3.73739296, 3.72144629, ..., 3.72144629,\n",
       "           3.73739296, 3.75361314],\n",
       "          ...,\n",
       "          [3.75361314, 3.73739296, 3.72144629, ..., 3.72144629,\n",
       "           3.73739296, 3.75361314],\n",
       "          [3.76952013, 3.75333731, 3.73739296, ..., 3.73739296,\n",
       "           3.75333731, 3.76952013],\n",
       "          [3.7856267 , 3.76952013, 3.75361314, ..., 3.75361314,\n",
       "           3.76952013, 3.7856267 ]]]),\n",
       "  array([[[0.97356687, 0.96034243, 0.94730712, ..., 0.94730712,\n",
       "           0.96034243, 0.97356687],\n",
       "          [0.96034243, 0.94722375, 0.93445534, ..., 0.93445534,\n",
       "           0.94722375, 0.96034243],\n",
       "          [0.94730712, 0.93445534, 0.92212284, ..., 0.92212284,\n",
       "           0.93445534, 0.94730712],\n",
       "          ...,\n",
       "          [0.94730712, 0.93445534, 0.92212284, ..., 0.92212284,\n",
       "           0.93445534, 0.94730712],\n",
       "          [0.96034243, 0.94722375, 0.93445534, ..., 0.93445534,\n",
       "           0.94722375, 0.96034243],\n",
       "          [0.97356687, 0.96034243, 0.94730712, ..., 0.94730712,\n",
       "           0.96034243, 0.97356687]],\n",
       "  \n",
       "         [[3.97046056, 3.95535275, 3.94004431, ..., 3.94004431,\n",
       "           3.95535275, 3.97046056],\n",
       "          [3.95535275, 3.93994467, 3.92435673, ..., 3.92435673,\n",
       "           3.93994467, 3.95535275],\n",
       "          [3.94004431, 3.92435673, 3.90851429, ..., 3.90851429,\n",
       "           3.92435673, 3.94004431],\n",
       "          ...,\n",
       "          [3.94004431, 3.92435673, 3.90851429, ..., 3.90851429,\n",
       "           3.92435673, 3.94004431],\n",
       "          [3.95535275, 3.93994467, 3.92435673, ..., 3.92435673,\n",
       "           3.93994467, 3.95535275],\n",
       "          [3.97046056, 3.95535275, 3.94004431, ..., 3.94004431,\n",
       "           3.95535275, 3.97046056]]]),\n",
       "  array([[[1.10269041, 1.09367414, 1.08373077, ..., 1.08373077,\n",
       "           1.09367414, 1.10269041],\n",
       "          [1.09367414, 1.08382836, 1.07309268, ..., 1.07309268,\n",
       "           1.08382836, 1.09367414],\n",
       "          [1.08373077, 1.07309268, 1.06161609, ..., 1.06161609,\n",
       "           1.07309268, 1.08373077],\n",
       "          ...,\n",
       "          [1.08373077, 1.07309268, 1.06161609, ..., 1.06161609,\n",
       "           1.07309268, 1.08373077],\n",
       "          [1.09367414, 1.08382836, 1.07309268, ..., 1.07309268,\n",
       "           1.08382836, 1.09367414],\n",
       "          [1.10269041, 1.09367414, 1.08373077, ..., 1.08373077,\n",
       "           1.09367414, 1.10269041]],\n",
       "  \n",
       "         [[4.12722307, 4.11344864, 4.09936467, ..., 4.09936467,\n",
       "           4.11344864, 4.12722307],\n",
       "          [4.11344864, 4.09949835, 4.08522971, ..., 4.08522971,\n",
       "           4.09949835, 4.11344864],\n",
       "          [4.09936467, 4.08522971, 4.07077169, ..., 4.07077169,\n",
       "           4.08522971, 4.09936467],\n",
       "          ...,\n",
       "          [4.09936467, 4.08522971, 4.07077169, ..., 4.07077169,\n",
       "           4.08522971, 4.09936467],\n",
       "          [4.11344864, 4.09949835, 4.08522971, ..., 4.08522971,\n",
       "           4.09949835, 4.11344864],\n",
       "          [4.12722307, 4.11344864, 4.09936467, ..., 4.09936467,\n",
       "           4.11344864, 4.12722307]]]),\n",
       "  array([[[1.14229564, 1.1431901 , 1.14295092, ..., 1.14295092,\n",
       "           1.1431901 , 1.14229564],\n",
       "          [1.1431901 , 1.14296293, 1.14159143, ..., 1.14159143,\n",
       "           1.14296293, 1.1431901 ],\n",
       "          [1.14295092, 1.14159143, 1.13907767, ..., 1.13907767,\n",
       "           1.14159143, 1.14295092],\n",
       "          ...,\n",
       "          [1.14295092, 1.14159143, 1.13907767, ..., 1.13907767,\n",
       "           1.14159143, 1.14295092],\n",
       "          [1.1431901 , 1.14296293, 1.14159143, ..., 1.14159143,\n",
       "           1.14296293, 1.1431901 ],\n",
       "          [1.14229564, 1.1431901 , 1.14295092, ..., 1.14295092,\n",
       "           1.1431901 , 1.14229564]],\n",
       "  \n",
       "         [[4.26828038, 4.25417783, 4.23989659, ..., 4.23989659,\n",
       "           4.25417783, 4.26828038],\n",
       "          [4.25417783, 4.24010908, 4.22583414, ..., 4.22583414,\n",
       "           4.24010908, 4.25417783],\n",
       "          [4.23989659, 4.22583414, 4.21154079, ..., 4.21154079,\n",
       "           4.22583414, 4.23989659],\n",
       "          ...,\n",
       "          [4.23989659, 4.22583414, 4.21154079, ..., 4.21154079,\n",
       "           4.22583414, 4.23989659],\n",
       "          [4.25417783, 4.24010908, 4.22583414, ..., 4.22583414,\n",
       "           4.24010908, 4.25417783],\n",
       "          [4.26828038, 4.25417783, 4.23989659, ..., 4.23989659,\n",
       "           4.25417783, 4.26828038]]]),\n",
       "  array([[[1.0750758 , 1.08731696, 1.09850796, ..., 1.09850796,\n",
       "           1.08731696, 1.0750758 ],\n",
       "          [1.08731696, 1.09842819, 1.10844483, ..., 1.10844483,\n",
       "           1.09842819, 1.08731696],\n",
       "          [1.09850796, 1.10844483, 1.11724844, ..., 1.11724844,\n",
       "           1.10844483, 1.09850796],\n",
       "          ...,\n",
       "          [1.09850796, 1.10844483, 1.11724844, ..., 1.11724844,\n",
       "           1.10844483, 1.09850796],\n",
       "          [1.08731696, 1.09842819, 1.10844483, ..., 1.10844483,\n",
       "           1.09842819, 1.08731696],\n",
       "          [1.0750758 , 1.08731696, 1.09850796, ..., 1.09850796,\n",
       "           1.08731696, 1.0750758 ]],\n",
       "  \n",
       "         [[4.41219568, 4.39566757, 4.37930688, ..., 4.37930688,\n",
       "           4.39566757, 4.41219568],\n",
       "          [4.39566757, 4.37942892, 4.36331076, ..., 4.36331076,\n",
       "           4.37942892, 4.39566757],\n",
       "          [4.37930688, 4.36331076, 4.34738957, ..., 4.34738957,\n",
       "           4.36331076, 4.37930688],\n",
       "          ...,\n",
       "          [4.37930688, 4.36331076, 4.34738957, ..., 4.34738957,\n",
       "           4.36331076, 4.37930688],\n",
       "          [4.39566757, 4.37942892, 4.36331076, ..., 4.36331076,\n",
       "           4.37942892, 4.39566757],\n",
       "          [4.41219568, 4.39566757, 4.37930688, ..., 4.37930688,\n",
       "           4.39566757, 4.41219568]]]),\n",
       "  array([[[0.93331257, 0.95069268, 0.96840174, ..., 0.96840174,\n",
       "           0.95069268, 0.93331257],\n",
       "          [0.95069268, 0.96851494, 0.98633917, ..., 0.98633917,\n",
       "           0.96851494, 0.95069268],\n",
       "          [0.96840174, 0.98633917, 1.00400066, ..., 1.00400066,\n",
       "           0.98633917, 0.96840174],\n",
       "          ...,\n",
       "          [0.96840174, 0.98633917, 1.00400066, ..., 1.00400066,\n",
       "           0.98633917, 0.96840174],\n",
       "          [0.95069268, 0.96851494, 0.98633917, ..., 0.98633917,\n",
       "           0.96851494, 0.95069268],\n",
       "          [0.93331257, 0.95069268, 0.96840174, ..., 0.96840174,\n",
       "           0.95069268, 0.93331257]],\n",
       "  \n",
       "         [[4.57707462, 4.55593   , 4.53540035, ..., 4.53540035,\n",
       "           4.55593   , 4.57707462],\n",
       "          [4.55593   , 4.53527141, 4.5152018 , ..., 4.5152018 ,\n",
       "           4.53527141, 4.55593   ],\n",
       "          [4.53540035, 4.5152018 , 4.49555424, ..., 4.49555424,\n",
       "           4.5152018 , 4.53540035],\n",
       "          ...,\n",
       "          [4.53540035, 4.5152018 , 4.49555424, ..., 4.49555424,\n",
       "           4.5152018 , 4.53540035],\n",
       "          [4.55593   , 4.53527141, 4.5152018 , ..., 4.5152018 ,\n",
       "           4.53527141, 4.55593   ],\n",
       "          [4.57707462, 4.55593   , 4.53540035, ..., 4.53540035,\n",
       "           4.55593   , 4.57707462]]]),\n",
       "  array([[[0.85772124, 0.85687687, 0.85946134, ..., 0.85946134,\n",
       "           0.85687687, 0.85772124],\n",
       "          [0.85687687, 0.85952254, 0.865461  , ..., 0.865461  ,\n",
       "           0.85952254, 0.85687687],\n",
       "          [0.85946134, 0.865461  , 0.8744865 , ..., 0.8744865 ,\n",
       "           0.865461  , 0.85946134],\n",
       "          ...,\n",
       "          [0.85946134, 0.865461  , 0.8744865 , ..., 0.8744865 ,\n",
       "           0.865461  , 0.85946134],\n",
       "          [0.85687687, 0.85952254, 0.865461  , ..., 0.865461  ,\n",
       "           0.85952254, 0.85687687],\n",
       "          [0.85772124, 0.85687687, 0.85946134, ..., 0.85946134,\n",
       "           0.85687687, 0.85772124]],\n",
       "  \n",
       "         [[4.76844324, 4.7435856 , 4.71904479, ..., 4.71904479,\n",
       "           4.7435856 , 4.76844324],\n",
       "          [4.7435856 , 4.71869491, 4.69424322, ..., 4.69424322,\n",
       "           4.71869491, 4.7435856 ],\n",
       "          [4.71904479, 4.69424322, 4.66998113, ..., 4.66998113,\n",
       "           4.69424322, 4.71904479],\n",
       "          ...,\n",
       "          [4.71904479, 4.69424322, 4.66998113, ..., 4.66998113,\n",
       "           4.69424322, 4.71904479],\n",
       "          [4.7435856 , 4.71869491, 4.69424322, ..., 4.69424322,\n",
       "           4.71869491, 4.7435856 ],\n",
       "          [4.76844324, 4.7435856 , 4.71904479, ..., 4.71904479,\n",
       "           4.7435856 , 4.76844324]]]),\n",
       "  array([[[0.96028154, 0.9408132 , 0.92219626, ..., 0.92219626,\n",
       "           0.9408132 , 0.96028154],\n",
       "          [0.9408132 , 0.92208224, 0.90477796, ..., 0.90477796,\n",
       "           0.92208224, 0.9408132 ],\n",
       "          [0.92219626, 0.90477796, 0.8893729 , ..., 0.8893729 ,\n",
       "           0.90477796, 0.92219626],\n",
       "          ...,\n",
       "          [0.92219626, 0.90477796, 0.8893729 , ..., 0.8893729 ,\n",
       "           0.90477796, 0.92219626],\n",
       "          [0.9408132 , 0.92208224, 0.90477796, ..., 0.90477796,\n",
       "           0.92208224, 0.9408132 ],\n",
       "          [0.96028154, 0.9408132 , 0.92219626, ..., 0.92219626,\n",
       "           0.9408132 , 0.96028154]],\n",
       "  \n",
       "         [[4.95528233, 4.9322052 , 4.90861147, ..., 4.90861147,\n",
       "           4.9322052 , 4.95528233],\n",
       "          [4.9322052 , 4.90846053, 4.88426365, ..., 4.88426365,\n",
       "           4.90846053, 4.9322052 ],\n",
       "          [4.90861147, 4.88426365, 4.85954738, ..., 4.85954738,\n",
       "           4.88426365, 4.90861147],\n",
       "          ...,\n",
       "          [4.90861147, 4.88426365, 4.85954738, ..., 4.85954738,\n",
       "           4.88426365, 4.90861147],\n",
       "          [4.9322052 , 4.90846053, 4.88426365, ..., 4.88426365,\n",
       "           4.90846053, 4.9322052 ],\n",
       "          [4.95528233, 4.9322052 , 4.90861147, ..., 4.90861147,\n",
       "           4.9322052 , 4.95528233]]]),\n",
       "  array([[[1.09407938, 1.0795428 , 1.06318638, ..., 1.06318638,\n",
       "           1.0795428 , 1.09407938],\n",
       "          [1.0795428 , 1.06335443, 1.04550843, ..., 1.04550843,\n",
       "           1.06335443, 1.0795428 ],\n",
       "          [1.06318638, 1.04550843, 1.02640376, ..., 1.02640376,\n",
       "           1.04550843, 1.06318638],\n",
       "          ...,\n",
       "          [1.06318638, 1.04550843, 1.02640376, ..., 1.02640376,\n",
       "           1.04550843, 1.06318638],\n",
       "          [1.0795428 , 1.06335443, 1.04550843, ..., 1.04550843,\n",
       "           1.06335443, 1.0795428 ],\n",
       "          [1.09407938, 1.0795428 , 1.06318638, ..., 1.06318638,\n",
       "           1.0795428 , 1.09407938]],\n",
       "  \n",
       "         [[5.11404479, 5.09370086, 5.07271007, ..., 5.07271007,\n",
       "           5.09370086, 5.11404479],\n",
       "          [5.09370086, 5.0729182 , 5.05145672, ..., 5.05145672,\n",
       "           5.0729182 , 5.09370086],\n",
       "          [5.07271007, 5.05145672, 5.02950625, ..., 5.02950625,\n",
       "           5.05145672, 5.07271007],\n",
       "          ...,\n",
       "          [5.07271007, 5.05145672, 5.02950625, ..., 5.02950625,\n",
       "           5.05145672, 5.07271007],\n",
       "          [5.09370086, 5.0729182 , 5.05145672, ..., 5.05145672,\n",
       "           5.0729182 , 5.09370086],\n",
       "          [5.11404479, 5.09370086, 5.07271007, ..., 5.07271007,\n",
       "           5.09370086, 5.11404479]]]),\n",
       "  array([[[1.14314886, 1.14265625, 1.13983796, ..., 1.13983796,\n",
       "           1.14265625, 1.14314886],\n",
       "          [1.14265625, 1.13990736, 1.13481513, ..., 1.13481513,\n",
       "           1.13990736, 1.14265625],\n",
       "          [1.13983796, 1.13481513, 1.12744214, ..., 1.12744214,\n",
       "           1.13481513, 1.13983796],\n",
       "          ...,\n",
       "          [1.13983796, 1.13481513, 1.12744214, ..., 1.12744214,\n",
       "           1.13481513, 1.13983796],\n",
       "          [1.14265625, 1.13990736, 1.13481513, ..., 1.13481513,\n",
       "           1.13990736, 1.14265625],\n",
       "          [1.14314886, 1.14265625, 1.13983796, ..., 1.13983796,\n",
       "           1.14265625, 1.14314886]],\n",
       "  \n",
       "         [[5.25566076, 5.23563324, 5.21524628, ..., 5.21524628,\n",
       "           5.23563324, 5.25566076],\n",
       "          [5.23563324, 5.21560405, 5.19514413, ..., 5.19514413,\n",
       "           5.21560405, 5.23563324],\n",
       "          [5.21524628, 5.19514413, 5.17454813, ..., 5.17454813,\n",
       "           5.19514413, 5.21524628],\n",
       "          ...,\n",
       "          [5.21524628, 5.19514413, 5.17454813, ..., 5.17454813,\n",
       "           5.19514413, 5.21524628],\n",
       "          [5.23563324, 5.21560405, 5.19514413, ..., 5.19514413,\n",
       "           5.21560405, 5.23563324],\n",
       "          [5.25566076, 5.23563324, 5.21524628, ..., 5.21524628,\n",
       "           5.23563324, 5.25566076]]]),\n",
       "  array([[[1.08519512, 1.10067232, 1.11398996, ..., 1.11398996,\n",
       "           1.10067232, 1.08519512],\n",
       "          [1.10067232, 1.11384207, 1.1247565 , ..., 1.1247565 ,\n",
       "           1.11384207, 1.10067232],\n",
       "          [1.11398996, 1.1247565 , 1.1331869 , ..., 1.1331869 ,\n",
       "           1.1247565 , 1.11398996],\n",
       "          ...,\n",
       "          [1.11398996, 1.1247565 , 1.1331869 , ..., 1.1331869 ,\n",
       "           1.1247565 , 1.11398996],\n",
       "          [1.10067232, 1.11384207, 1.1247565 , ..., 1.1247565 ,\n",
       "           1.11384207, 1.10067232],\n",
       "          [1.08519512, 1.10067232, 1.11398996, ..., 1.11398996,\n",
       "           1.10067232, 1.08519512]],\n",
       "  \n",
       "         [[5.39862075, 5.37596076, 5.35352531, ..., 5.35352531,\n",
       "           5.37596076, 5.39862075],\n",
       "          [5.37596076, 5.35379637, 5.3317474 , ..., 5.3317474 ,\n",
       "           5.35379637, 5.37596076],\n",
       "          [5.35352531, 5.3317474 , 5.30998121, ..., 5.30998121,\n",
       "           5.3317474 , 5.35352531],\n",
       "          ...,\n",
       "          [5.35352531, 5.3317474 , 5.30998121, ..., 5.30998121,\n",
       "           5.3317474 , 5.35352531],\n",
       "          [5.37596076, 5.35379637, 5.3317474 , ..., 5.3317474 ,\n",
       "           5.35379637, 5.37596076],\n",
       "          [5.39862075, 5.37596076, 5.35352531, ..., 5.35352531,\n",
       "           5.37596076, 5.39862075]]]),\n",
       "  array([[[0.94627121, 0.97065293, 0.99509971, ..., 0.99509971,\n",
       "           0.97065293, 0.94627121],\n",
       "          [0.97065293, 0.99513117, 1.01896598, ..., 1.01896598,\n",
       "           0.99513117, 0.97065293],\n",
       "          [0.99509971, 1.01896598, 1.04163348, ..., 1.04163348,\n",
       "           1.01896598, 0.99509971],\n",
       "          ...,\n",
       "          [0.99509971, 1.01896598, 1.04163348, ..., 1.04163348,\n",
       "           1.01896598, 0.99509971],\n",
       "          [0.97065293, 0.99513117, 1.01896598, ..., 1.01896598,\n",
       "           0.99513117, 0.97065293],\n",
       "          [0.94627121, 0.97065293, 0.99509971, ..., 0.99509971,\n",
       "           0.97065293, 0.94627121]],\n",
       "  \n",
       "         [[5.56119542, 5.5328404 , 5.50544583, ..., 5.50544583,\n",
       "           5.5328404 , 5.56119542],\n",
       "          [5.5328404 , 5.50541086, 5.47886462, ..., 5.47886462,\n",
       "           5.50541086, 5.5328404 ],\n",
       "          [5.50544583, 5.47886462, 5.45306315, ..., 5.45306315,\n",
       "           5.47886462, 5.50544583],\n",
       "          ...,\n",
       "          [5.50544583, 5.47886462, 5.45306315, ..., 5.45306315,\n",
       "           5.47886462, 5.50544583],\n",
       "          [5.5328404 , 5.50541086, 5.47886462, ..., 5.47886462,\n",
       "           5.50541086, 5.5328404 ],\n",
       "          [5.56119542, 5.5328404 , 5.50544583, ..., 5.50544583,\n",
       "           5.5328404 , 5.56119542]]]),\n",
       "  array([[[0.85676399, 0.85972208, 0.86868286, ..., 0.86868286,\n",
       "           0.85972208, 0.85676399],\n",
       "          [0.85972208, 0.86881526, 0.88322245, ..., 0.88322245,\n",
       "           0.86881526, 0.85972208],\n",
       "          [0.86868286, 0.88322245, 0.90208289, ..., 0.90208289,\n",
       "           0.88322245, 0.86868286],\n",
       "          ...,\n",
       "          [0.86868286, 0.88322245, 0.90208289, ..., 0.90208289,\n",
       "           0.88322245, 0.86868286],\n",
       "          [0.85972208, 0.86881526, 0.88322245, ..., 0.88322245,\n",
       "           0.86881526, 0.85972208],\n",
       "          [0.85676399, 0.85972208, 0.86868286, ..., 0.86868286,\n",
       "           0.85972208, 0.85676399]],\n",
       "  \n",
       "         [[5.7511027 , 5.71757999, 5.68460518, ..., 5.68460518,\n",
       "           5.71757999, 5.7511027 ],\n",
       "          [5.71757999, 5.68423784, 5.65170329, ..., 5.65170329,\n",
       "           5.68423784, 5.71757999],\n",
       "          [5.68460518, 5.65170329, 5.61979125, ..., 5.61979125,\n",
       "           5.65170329, 5.68460518],\n",
       "          ...,\n",
       "          [5.68460518, 5.65170329, 5.61979125, ..., 5.61979125,\n",
       "           5.65170329, 5.68460518],\n",
